# esfera: densidad, diámetro
# cilindro: densidad, radio_base, altura
# paralelepípedo: densidad, a, b, c
1.98675149697,8.82195404513,1.7374815326,4.96095699634
7.49075959024,3.59571454067
5.11118004268,9.63476493877,8.48747375353
9.9147633591,6.3992420851,1.56046645193
4.68203640724,3.97108559802
6.28508948873,6.67471019198
6.93284764917,9.31637995398
3.90385117463,6.37799967482
8.44516194821,1.33167079838
5.19772117511,7.99841847006,9.88317827174
4.96928242032,5.14887699397,5.97481535039
2.19826691115,6.66620493152,7.0091723724
4.53395750186,9.95601933915,1.13662398774,9.77519268462
1.51978720362,8.12652993399,1.20742564847
2.14255191919,4.14276126543,3.29329652975,6.15154556151
2.48944201265,4.69983759188
7.80862761036,1.98365134421,8.62597823542
8.00971912936,1.62412424598,5.74219311557,5.83212187071
5.93735558314,7.17542194442,5.4613606552
2.5237030788,1.33186455122,4.46379207334
5.13830796573,6.38876598864
5.94499153464,2.61207534536,1.37622017076,4.31501157744
3.2954740383,2.7805223223,1.98600634925,6.22408107018
4.91531923459,3.04225292604,1.60419710628,2.58973478564
9.16878754496,6.82676152027,9.24728804785
5.71776866433,9.05048971795,7.79611008964,8.45935643023
8.31895177891,6.72962653591,5.50054291012
3.827286496,8.88709420236,8.1355279508,7.55674887183
2.48109179212,1.25947624628,9.46231767746
7.1081228292,7.0273401966,6.838948118
9.61443255859,2.56780803357
5.60950975381,3.39001857402,1.05177186838
8.93376836013,7.52702538234
2.55212659114,7.01254450992,2.92526908914
5.11977134714,3.53313693879,3.74972240844,3.69950567312
2.60919379758,5.19380412295,1.46359548903
6.07891527523,1.01307321572
2.53330785718,4.55261343291,5.01765941393
3.19844225274,7.60969632592,5.65513457701,5.46388372795
2.3551529988,7.27392068675
1.05956203837,1.76021748034,8.19092400053,3.72106815476
6.62097076824,8.93379336164
2.47925945299,6.08818054163,3.65689735129
7.11852103206,4.34632897296
1.34001524107,9.48810344986,3.23456139161
3.69346007639,9.19745060832
2.33024684179,8.91624806062,1.82232851952,3.30926443696
3.66355202193,7.63479419646
8.72687636717,4.12597942539,5.21149565737,8.12258607296
9.6949974951,1.3456695976,7.36130219547,8.61029410971
9.18843492499,7.5827179779,3.66188042621,8.87508084495
9.66905533887,1.33164938206
4.91243531867,6.17566673441,1.46935976518,2.18014308337
2.50234760655,4.18660394552
6.21326462969,3.29201863188
7.90733155882,2.31146720313
7.70569267409,6.38064946656,7.637267698
3.13551431175,2.17706978851,6.36320737434,1.39881582374
8.11682008486,6.43721661053
6.62816240138,9.77415226467,7.53169202096
1.25725041301,5.93286288492
1.21332254044,1.51249851814,5.0170764566,1.02693303378
8.75930127522,8.49503640742
1.77207092378,6.57918049849,8.32377875656
3.75150671277,1.77778549911,8.31995744652
3.42400297745,5.76054004488,4.46779390067
5.75111690088,9.39107302561
7.48977728431,1.28351954659,6.57117651822,7.67241473018
1.57150219631,6.54107395203,3.50441611843
8.61886220443,2.53312338679
1.07508873037,3.72739712767,6.72230716477
1.16501489655,9.72841301969
7.03970793707,9.90760750645
8.47653396332,6.05367632341,5.08720104955
2.81601945554,2.53745173169,2.64943466968
1.05738242938,3.17794315458
9.42106813226,3.3792609665
2.78618683908,7.56743129311,4.88088750192
8.49676410932,5.34432175596,4.8085848742
4.38638994231,1.28076254755
5.26116826681,4.64139871121,8.36629125745,2.26344340771
2.57842353682,4.34520452201
2.34949972338,8.46829909636,4.19094914243
8.01440179618,2.88423513587,1.96632946359
3.50274179403,2.86874507435,6.08611496548
3.01039367455,1.84978805836,2.86439178762,7.65898748489
7.25092637207,7.29911321491,7.96729910908,9.23254956885
3.71175480567,1.60568836505,2.10375232723,8.76734151544
1.64383602293,8.76344407863
3.91715830991,4.44397380837,1.35857461368,2.75742819053
9.66028374574,3.16112802296,9.44153092404,7.86162635572
7.68015631872,1.05421282565,9.24920825471,1.59114188041
9.9435649157,6.389349799,3.96025014348,4.53746579928
5.85857921979,1.47671082662
1.09694214467,9.1531027216
9.95938431122,7.09910645678
2.72367774292,6.69590935797,9.18251835018,4.29740687452
9.78447510648,8.60142269656,3.89164176149
1.57647986372,8.34937318478,4.82149183775,1.87914541887
7.4736299441,4.88012202578,3.52285557096
9.94115804957,5.12488212271,6.63543063295
6.28995661585,8.571536359
3.47622681817,9.80873664881,1.12688906153
6.01198185073,9.47337488817
6.27637758182,8.15461367552
9.68842312139,1.51603892525,9.98455461524
4.07135596742,5.53161373383,5.24068077326,5.00151620369
9.51529648582,6.98999187033
9.33552486751,2.8699515793
6.50421860327,9.67316552239,3.34278743467
9.2422134748,6.87858288785
2.98775497672,5.60551725636
9.74172104977,7.38886381987,7.26760288652
5.00970389011,9.95328379994,1.44208853322,3.93993189961
7.4771637458,7.13488842416
2.13037394587,8.67655894092,3.6287129265,9.14421071576
6.06473700281,7.6098895224,8.056605472,3.45148592205
9.54679299586,1.19856824271
4.66610194995,4.73419232474,9.52848367742,8.13872512063
8.66309056337,1.59290609643,6.49464609943,1.80488905558
3.60679357571,1.70452224092,9.22280454989,4.89415637437
1.81171748892,2.07506907925
6.56128060476,9.37065986288,7.08141655957
4.793712347,1.7198311004,2.93319159946
9.1042991532,1.50751407827,5.30756618007,8.40833232848
6.61717944483,5.11350610296
8.38202495859,7.40700200312,5.52561633035
8.04717135654,4.16426498519
2.84173720044,6.74944594101,9.98254894039,9.00312963099
2.22315100666,3.35449964521,9.15854674083,8.70262542854
4.67792459088,6.42185255928,4.14555460249,5.57167755648
6.32062086727,2.51870239246
1.77975696246,3.00698896062
2.82131898186,6.89967275694,2.00854733152
7.11659257294,9.46126124705
8.49645810929,8.68632912702,9.89317308327
1.34280131679,2.37464415876,9.61481644149
3.70812261879,8.72816057867,8.35642677248,9.70909140192
1.09659326976,3.38104660268,3.80526915145
1.57251280942,6.49369415524,8.60498932308
5.72397466778,4.54667872829
4.12667185282,4.4754179487,2.36543290504,1.98385532235
1.00293273078,7.02040809663,6.5430967753,5.81550468779
4.12974713071,3.89705295656,8.48384238707
3.93319094545,1.57709706504,7.80504642125,7.74729124157
7.95820799468,9.98821001044,5.1274810838
6.91839718371,2.12281820252
3.58350751049,4.8581463184,7.45502531566,9.67686643913
4.32222282412,8.49789179081,4.81439685971,5.39494585193
1.10283801568,6.31331288113,1.24375082988,2.27263482383
1.26365351941,8.86408139517,1.65427755197
1.18838400761,2.68197413491,6.78924728191
3.98340023409,6.00429841014
8.73856311314,3.15699254211,1.90009109641
4.34641298755,9.37996365153
6.66282801593,6.17621455978,6.28079658955,2.29921955208
9.24487548179,4.4205957855,4.68873088278,4.20578029842
3.0923849165,7.00213890182,4.15103661079,7.11599688372
9.93416787499,6.91357558578
6.01617474559,1.31430879467
7.28074137568,6.63338924256,5.24787111339
3.61594565353,1.37063303239,2.17436741487,7.87932614269
8.29806818631,4.24304333224,5.24941768351,2.40120433495
7.34202717991,8.38571413506
9.40221730652,5.95383844168,3.26403363817
9.64981669432,9.54429737093,3.36585388539,5.08729178585
3.15899240699,9.98576068741,6.42998480465,7.53953100777
7.0462707317,9.07908721747,4.77372382082
3.33863476238,9.1141302262,9.09586670873,5.95314270949
1.8833196572,3.0330973477
4.22799328011,5.66274652407
5.87253521051,8.44624130297,7.50137377956
9.1541810474,5.75303002999,5.12962653004
2.55052645192,6.71696496612,2.02607137358
6.39369073914,1.708160984,8.14928736561,8.29397594559
8.72095323435,3.56154633295,1.55599609686,7.0880322018
2.52118555715,7.34710629066,1.71674629025
4.61429493971,1.76812265436,6.94840988939,4.98536974985
8.45285714477,2.05082768041,3.12980046927
4.95963303962,4.58910005987,6.16031416531
3.87820602383,2.21102723943
8.68151723132,1.30336779382,9.58539929602,8.90722565373
9.42457386311,2.37276832539
8.9609986951,3.66477165718
5.26904581923,5.35756831511
5.39708468287,9.3864593253,3.47001944739
1.79908530277,4.20363343742,3.56454202423
3.84344281251,6.05382703208
8.62395082646,9.25596496876,4.18568354948,8.90643941076
3.95133333473,1.40229625312
2.5275505505,2.63171412441,1.18546697614
9.67919658861,8.06174842605,5.65679179121
1.06569313706,5.02647679343,9.07148773147
8.54661111746,8.4110954155
8.96153434152,7.58994076703,9.88468785977
1.56102032828,4.20963808574,8.60811641068
4.19682143375,2.72954939218,8.5010891839
6.64227685659,6.88620784004,2.66168554944
6.48055367568,3.51597837429,5.90728629084,1.20614774496
2.40499100731,1.62473981992,7.94330279019
3.5563503563,6.64097251632,5.94571874367
3.34120233913,7.2578497865,3.04753427544
7.28535032721,9.8779422376,3.04374017442
6.81205710668,9.83310231856,8.10597187422,8.12507384364
6.41717771732,2.69809280966,8.48817078748
8.7167953339,7.15745727412
3.93129375095,6.45494880754,8.91982823834
3.63199924876,7.66417810256,1.09340874463
6.43192062036,8.90443750939
2.69887793274,1.3945323005
2.90496992403,3.13801611946,2.83980877719,1.12733285937
4.88855173478,5.40877209962
4.51491865191,7.05801840342,8.01906043047,9.16758108444
3.46888760881,4.50216472754,6.87031515455,9.63711980783
5.60915958049,8.40831570433
2.88568026889,5.42506213113,6.97098907339,8.11111850159
2.16999441245,8.47524283583
2.85315962922,9.98899464052,9.42320263293
4.65317699732,6.31431790673,9.00003435232
7.82550924226,7.3703944985,8.70509474791,9.95224772524
4.28099228047,8.05020521183
6.38576905654,7.75144255248,1.78044997278
6.40566958491,7.71566654042,7.25706823304,3.92596524171
5.76002787765,8.68093880757,6.68196717632
1.49239185635,7.27941099461,7.23349790702
1.51119940675,5.07353708697,8.40925965619,5.21434557652
9.07890139805,6.50811243983
9.42855137849,8.79882603094
2.61765020423,6.59660560629,4.1230118599,6.87856191849
1.75980361913,6.93108868948
4.83113870585,2.90705072614,8.36074977033,2.20830255568
8.7188152764,6.78579680472,8.09781541124
3.50876059195,2.38072787451,5.11998291257
1.65291587605,9.79806212665,3.08368265219
3.48818257237,2.78087531691,7.4694132453
5.10766356004,2.86684324015
5.4167907623,6.42441784945,2.07280777279,8.58421318367
7.5434543534,3.01598802254,4.9727273482
3.89271636435,6.09571567869,6.93104209916,5.70917476293
5.51409291072,5.42959502939,9.86631435993
5.4860836464,1.94080447907,1.66824465159
9.91446946479,2.87337866132,5.51574384609
6.16530543878,1.08174490886,8.55072477665
3.19759908324,9.6476812494,9.72667595576,8.84483591805
2.23321051053,2.59972067459,4.39767522112
8.95359464895,1.21126343894
3.78536765994,1.34386036795,4.55435293418
8.92435723865,9.41993025805,4.7665557787,9.92039872598
9.12955207342,6.45988986721,6.67389866287,5.93358343512
1.47783209526,9.76858463779,2.46661071513,9.89872781851
2.76222735666,7.68276579695
1.85161047856,8.62193129093,4.99901950117
1.71373425046,6.73396824162
7.47431552724,5.62797268898,7.01769615275
2.56811062988,2.16847489155,3.62645917464
2.24834629274,1.19087406877,6.72367889314,2.17387651065
7.89546675871,7.63371333683,3.68320763896
4.74042483132,5.81172782858
4.69888852368,6.39621021189
7.45349629807,9.89351252925,6.82047528631,3.72631126604
7.05565421625,5.59406910859
3.19166486949,2.99797491024,4.00825018238,4.47226368653
3.08933418849,9.07360705349
3.7565342431,2.4195388371
8.65299073853,9.87345748208,5.2899777115
4.16314177481,6.89416612043,6.93864368924,1.06564764884
4.95963591692,8.99764364586,5.21595005358,2.47462436962
5.40456447591,1.5637178677,4.21064794565
3.59325457405,4.95433967396,3.17639577637,1.93589422005
3.23227606635,7.38303555083
1.68406222361,8.25737907495
3.88622002913,7.47493692923
8.48085565508,6.10482976957,7.53820062574,8.18454194176
1.01167951193,8.88106433289
5.15151955004,7.592015462,4.94112862163
3.85148418597,8.43361703891,7.0429353626,5.073359887
3.44494345696,8.27672805391,3.71688074184
7.76999454737,4.9962957381
2.85119228329,7.3254365335,4.66439957753,3.33261662709
9.26524396807,5.29131434628
3.66064320329,2.63323249466,5.8992842132
5.15536654245,2.12495875448,9.83652036781,6.27863887885
4.71069097268,7.06920850473,1.04302248197,3.76142745217
4.64034306366,2.3320324828,2.9026529685
8.08070969573,6.65835272755
3.68861140075,2.60798695591
7.91296109539,9.58403382535,5.49201928273
3.59809951604,5.13557102997,5.75190805299
4.54534153316,8.94928486214,5.24749802701
4.9113602629,1.7612212393,2.80331639089
5.11916579673,9.68986981175
7.90656959951,8.39709579291,5.2773304607
6.49832113887,9.44370476742
5.67853036843,7.78408327997
1.25574733029,3.67796164688,7.0486753148,6.99610011058
7.86730371671,2.90627884465
1.58545581951,1.33145157918
1.61570295493,9.91290018355,9.39826650356,4.23858857845
6.43929318191,9.20208674225,1.78852140533
5.63830307341,7.66904135452,5.5036502371,5.82665689018
3.19502307003,1.3058864523
6.44308685256,6.46955182329,7.32363777769
6.69180359279,4.17688710579,7.33811392848
5.27483374204,7.1035370709
5.36179020061,5.31616825329
7.09410979019,9.27009326331
4.31055035603,5.93933709176,1.85236492691
4.0858757558,3.42632802119,3.84669290719,7.24458935839
1.23902604394,6.13366995715,9.16149221877
6.63274649483,1.43466049482,6.82452412081
8.70872127304,8.51025436782
4.32873193625,7.71653807149,9.96847977728
4.43575147875,7.04908436151
9.24537485965,9.39757600154,5.79567888814,9.92156062585
9.55780930428,9.56161601618,8.4216831979
3.14638614559,6.60762121496,5.7623357461,9.25996023129
6.25318398798,8.94996293487,6.76022465703
8.19645762992,3.33091178083,8.36266167928,9.59467681054
3.71061385506,6.7472665209
7.10586289688,9.07449054628,4.77816691776
9.5934799968,4.93189305841,1.65256283058
5.32909711718,1.01603371516,6.00052704671,7.50901895134
9.61344431624,6.30571430643
8.58519421376,9.33564281615,3.51196524145,2.36991922082
9.40788393781,1.17897169231,9.68951876252
7.5924032652,6.51310755716,6.67684888969
1.80767823379,4.61329226996
2.59604969354,4.25887497292,3.68151686007
8.07096406049,1.50142646443,7.22325128236,5.98288352956
7.81947678346,1.68223440235
6.62550848292,5.64201709435
4.99540005261,7.73072794618,3.65346437654,5.51534166082
2.01502542698,7.14429214606,9.797768462
4.10494858621,3.8968747844
3.23553197815,6.64116655086
7.34418248759,2.72162024519
3.41187087521,4.89942585677,4.31628257577,4.45407166136
1.81852720412,2.0387191126,4.24298422803
1.60293625224,8.15442057346
1.01766931745,9.33651378605
7.55201524169,9.4864986096,2.66195716053,4.16844916442
8.45713612564,6.36318612597,8.79023146525
5.52158517713,4.46450583546,3.38249872098
4.92946504647,8.80272484895,8.98886646508
7.12018443583,5.91163889851
1.87519656585,3.00368896716,3.11103349115
3.81023788392,2.00324649083,6.05482232109
8.27079571709,4.77343956235
8.94488276102,5.40745856542
3.90114943374,3.66564302498,6.19999882718
7.77787721528,4.45096909721,7.36448087004,8.55358759379
5.83903227711,2.40648119992,8.61395448857,4.2141169752
2.31454397008,7.38206809517,5.60090072789
5.63993402294,8.52328308652
1.66897964908,1.75811580729,6.02383339919
4.47179457233,8.41733710619,3.32550860199
4.28705990652,5.34881133976,5.55832645379,7.2531461762
3.43563848016,9.11176820126,3.20286932388,1.25096855184
7.22704564385,9.90520671937
9.91144016327,6.48478919482,9.75891013946,4.12632732648
5.22303575644,9.30781297318,9.54785482116
6.88476783984,4.6626403355,2.60588646737,7.96337161503
6.00017412064,1.65434539362,7.30872977351
1.97551784105,3.70246276755,1.56330145387
6.84659658889,5.71701863954,4.21135014124
4.9712696233,3.68882422459
6.83902064769,9.96148358785
5.81318697745,3.56292945248,2.55134834218
7.09682494496,5.53657847395,9.37751134012
7.3112102059,4.14681186757,1.50478232732,3.49653089528
5.68453015989,7.04624297814
7.75705881135,1.17501766082,2.5902270529,1.97204624437
1.33711575761,4.56917407911,8.25460606768,6.62158660706
8.86820144481,1.29672277183
7.4330402293,7.64075135477,4.0060341146,1.49760715034
9.76772083733,5.44582334663,3.08626570041,1.46459184698
5.81731266373,2.46393778025,5.42817367264
9.23039006068,3.15006010558,5.11481803359
9.17067934754,4.96680726949
1.5443700653,5.72222430783,3.19351650568,1.7037586094
4.4152522071,6.43386556705,1.88428273988,4.0318487046
4.75296873327,4.62990169533
6.31921703139,3.91967081504,1.21303102809
2.10225468008,9.63654229908,6.00529096255,5.03059923567
9.33578239955,5.05736293625,6.89366028034,6.88448789962
8.95518291656,4.58372146127,2.71233842069
3.20979346734,3.59611304289,5.16716983024
7.85241108032,4.49162406515,8.18740349265
5.52136422022,2.16908923911
6.17862018907,1.00837431361,4.3233521488,8.82651773749
1.93213888547,2.57515203291
4.85554224119,1.66754725875,8.42434177436
6.70920704466,6.46285508835,7.54372438461
6.55963615566,6.0130207895,1.63013835731
5.40777880307,2.58167595893,5.97386158097
2.72597681857,2.19973578656,8.90565312629
5.37075837133,6.94604389322,4.05600457156
3.67184354678,1.74287832947,5.0788668842,1.93018513694
7.66808879479,1.22459633773
4.71027544958,4.5281799211,2.37312564798
2.63362625679,6.72337405925
2.87261169636,7.98567920239
1.75299714808,8.07490436655,4.85750893703
7.84077860059,3.39307971152,5.31933331608
9.13252983978,1.71912757186,3.32124091811,3.92234827091
5.51242837315,4.07449017257
4.10884897283,8.12940360458,4.56775903625
4.50584868398,8.32280744145,5.97126947042,8.04819313479
4.93387640941,6.06658064124
1.53507765096,1.30779171996
3.1781346324,3.07587982853,4.09291247639
8.18038634622,6.98813716325,6.69339119053
3.10136305206,7.20342212113,7.99527833588
2.82481572566,2.76468827529,6.45892386353,2.37042311802
2.8113796178,8.68214231555,4.03370901563,7.85672323936
5.57952528449,5.29853355506
7.3976842357,2.9530949509,9.36834591072,7.91211501316
9.38045713208,5.34449998511,4.61860159169
1.99870082798,6.53838659883
9.21670341404,2.5715754607,3.18084697316,1.45878473137
9.76570664426,9.50817628634,2.74583943763
5.16353651162,3.38085794952,4.87474673977,5.83020477754
2.40021501407,9.1798682433
7.83930476165,5.09305939905,1.92973600531
7.13085806988,4.6568903806,1.5905654053
4.31803231252,2.42086363122
6.72381324976,6.05370478752,1.17343598576
1.13445046269,2.44830906515
1.57368001381,5.12623455879,4.61761616524
1.43358019245,4.48773120548
6.63462420858,4.61377765316,3.17688423179
3.01013566663,3.55495961257
9.00868331154,1.7052158083
8.7087170309,7.85141703221,7.62564325821
6.34331823974,6.87376926246,4.50456021466,2.53440584005
6.28864165977,5.79319526735
8.49755737201,3.33548523431,2.73845374213,1.76134098407
9.71061998951,3.49800813452,4.13698071356
4.10654517745,8.4382520515,3.20651900019
2.87142562343,8.38558353074,4.77262691253,5.33446634305
8.48115761107,6.62123697918,2.85679345746
2.78725897648,2.1116587764,5.91871947537,5.1997516304
8.67881577379,7.80697903605,3.31999039128
9.34299406931,4.77560022978,2.80437276315,4.04510535758
3.70887037539,4.78571791115,2.08417611729,7.28523301096
7.44462755406,7.79431129861,1.26922223892
3.56789106232,3.4467104736,7.65043275613,2.61152482002
9.69432484669,8.53561442018
9.53170981059,4.30915907617
6.49517218162,9.93261220578,4.47573707352
7.36783736943,9.33767299714,5.0180415406
8.62691095479,1.95659995844
3.21035004964,2.87020278067,8.01646413342,6.84240237478
4.97668304246,2.53332933679,8.33843011608
9.74370356731,1.67053133209
5.56112377254,9.48309550471
4.28586657553,5.85353137685
1.34498278413,3.33267229019,6.85776471497,6.66789063422
6.63652094683,6.35556316876,9.92006520029
3.81757478593,2.4459989277,1.46055017188
8.95250773001,9.14687652012,4.22439980672,9.52813021474
1.97394234182,1.71050135483,7.4355452287,1.31061180721
8.60811035692,3.71983033218,7.65942207843,7.31632797103
1.9002400456,1.71558751523,9.96175862151,5.67010074665
9.0196552577,6.79373173305
2.0716839854,6.01005230376,5.2385326504
7.75026534733,3.30504426911,9.40719791027
4.30560692676,4.82307202357
3.57329607128,6.10837266028,1.22058499657
4.09079256952,7.0513953679,5.77866666512,7.35355941198
5.98106950123,6.71535081311,7.37581923052,9.98866665165
8.698119542,8.30586743683
9.12865729398,6.75151992032
8.58769616961,3.62645733088,2.21342087183
8.6479714034,3.35187514706
3.43516839463,9.55994147084,1.75978893083
7.05463466006,8.61279195717,2.20800970504,9.04207516461
3.90616193281,6.16280606048,9.93915733559,8.28457093559
4.37389210449,1.40348236687,8.40005366525
4.43467129137,3.90498593975,5.77656440989
3.33306381395,1.45242087571
8.5828539355,2.02349355545,5.90944558581,4.9734550994
5.6089900895,3.83005205223,6.33348269854,4.49214309478
4.81729713323,8.51405294423
6.75374139621,5.19210045628,2.76452644432,3.29130827132
6.59843367561,6.25610184028,9.65285757048
1.44417444242,8.22377725255,8.5770874851,7.61722231227
9.03494403608,5.70677656677,5.81253864718
6.556937883,3.89878206356,4.29134213053
9.24134314527,4.04836170013
9.11014867963,1.29048135432,2.74482771401,4.45734026147
3.60820714739,5.22339014503,8.74196127652,1.87191381304
2.47690406839,7.81943712106
3.4369281817,4.78853609349,3.6690808161
5.64509900798,1.90073284921
6.83767663101,1.86264748448
5.16810752654,7.97934711039
5.66407037057,7.38914870334,5.49547029084
9.61531722765,8.12116157008,1.85554376808,2.67114494633
8.64690678896,1.21439718287,3.65903354216,3.81199949115
5.35664349583,8.33204155123
5.67809937351,6.21848401239
8.47394593231,6.6274076985,8.077938383
5.10244417624,7.48489996071,5.36771543951,3.74216077014
6.65952566633,9.29606971311,6.8389211438,5.9593322348
7.48001593729,1.17837241243
2.69197388957,1.33178095496,9.72990181366,8.26633179935
5.26621328294,4.4888591508,7.72059142385
9.4692313004,2.23724355992
4.96949896121,6.34320531662,6.910448729,7.21727856936
7.27700902866,3.13019060974,1.81647975394
6.17554667988,3.52143732333,3.39954720226,8.51689231115
1.40871714276,2.54769521872,6.28671921199
2.04070650871,3.92200311803,9.71694162982,5.28395993889
3.02256776524,6.1076016402
1.38370665693,2.16751150711,5.53261815989
2.21570782138,7.31809315727,1.95690236015,9.6799727112
2.70414573335,8.61160867071,9.83362832867,8.34585166811
2.70858631522,2.83944756237,1.24360574653
5.05468596451,1.50607988589,4.76794627134,2.75163457368
3.7195629326,9.82805789193,9.86656379379,3.12586734336
6.5226489221,5.37521470987
4.38313659987,8.26104360341,3.16118024097
6.10492395527,6.09468671393
8.42162344791,2.64939208798,5.07710352289
5.33694103544,7.07405546033,3.46362753893
1.53769668769,3.53050977031,9.48778616247
5.4352798376,4.17763270184
3.15658464537,6.47136615126,1.69284848428,9.07051620709
9.71580722759,3.5118582593,2.00006598044,8.19909069021
2.87033790652,3.27544019676
2.43031230946,3.11530804933,8.2084365971,3.36758711057
8.33976602477,4.51405240592
2.27496900549,6.05266648505
9.92699000994,1.09777569028,6.83217480052
1.12514290708,8.74237458638
1.54362737246,7.70126329171,4.25329243234,3.42655465672
5.07716444007,8.40831584208,3.55726638891
4.74302124656,6.14161580331
3.94468155113,4.37317581233
2.24308080397,8.94931446317
8.67536476868,5.22623245279,9.25140519945
7.4826335605,2.12397663763,5.8958563662
2.44847772777,9.71815510967
9.561967434,7.60283473188,1.07226353306,4.56105257718
3.60217175939,7.57265903529
7.19064774235,6.52018169262,8.88787222928,9.77701215859
3.24904294679,7.16867826865
2.45706375093,2.96369142832,8.10530412841,9.2401579969
1.78855753789,7.47017313992,4.54918100871,5.31962082321
5.95114898377,1.81618038219
8.98201692963,7.43937106477
6.92706081053,4.3325479872
5.74093771212,9.34231988001
8.58888574154,1.65002034317,3.88470011789,9.08326787389
4.63075623264,7.22751958218,9.29530040809
1.68671938556,8.50841210433
7.4092979636,3.36930684075
9.87806214215,5.51357215913,9.38146600835,1.62289782515
5.48410871147,3.70379867231,7.08277019723,7.52586097539
3.80426375505,9.59568509453
7.01692142259,6.48500266188
6.02978775861,4.18578309847,2.09783110844
4.51132183347,2.97588891024,4.78367537081,6.10267241413
3.38717192156,2.3908267451,4.63295637904
1.18617703071,6.89803248075,5.94069554008,6.42774582037
3.54348426219,7.79782303733
9.97097366809,5.63429830581,3.2755029875
2.53066138559,4.21881995693,2.69702680946
9.4798125815,7.72931509859,2.68144660716,1.11625119939
6.46774687447,8.31061520483,9.79339280186
3.36078589072,8.35114889084,9.15148466736,4.78802349676
1.77740009153,1.52113587557,1.84622764063,3.47855087674
4.09021406755,2.14504492638,7.60767283753
1.89801421886,9.18499985675,4.84033015571,8.52094898698
4.9189364284,4.702123636
1.72547828605,5.86192366342,7.99923628962
9.30292474303,7.11769634862,8.27887174475,1.07104258679
9.87358318911,4.23939690986
5.64074371552,7.89756433027
3.21231546581,7.90820296227
5.48500921501,6.1350300153,1.43529225509
7.5806316597,3.75920155012,2.94622004988
6.54321767068,3.66049214223,4.54107081437,4.65886372793
2.2627667745,1.24381050287,2.75900910394
4.52629165529,8.28174351422,5.22094861084,4.56761319374
8.81407666638,5.35990794198
7.4723824348,6.99078055606,8.20003647518,1.03516124716
5.38454734409,3.36517291605
7.24048831736,3.59467824484,9.90324323527,9.78873149858
9.63789052548,5.67233685549
7.04113498982,9.16272530702,8.59999850238,1.02879092339
6.01042597647,4.90466704801,2.63746155798
6.89256198291,2.16841247398,6.47334511562,7.13532652286
3.98299529722,4.76005065634,1.40667203647,7.44984432661
5.97941194737,4.54124889099
8.40030050384,6.70180077543
9.36664258325,9.39121680997
6.50913467473,7.24604301095,7.09161031176,7.76686515134
3.61272343034,3.90296374429,3.17345441935,4.81594206497
6.89401165518,7.75388635046,1.92392362952
1.48718760552,1.61285374322
3.49966264164,1.58028786634,6.33537127639,3.96382530457
1.03496421133,2.75129086,8.08166003704,1.61775365992
8.42045299133,4.41491439251,8.41740105349
8.7969231378,5.28624486759,7.23074068143
3.00873319416,3.95265256828
7.66644101723,8.80072585077
1.0990855128,2.71293180559,1.61087973491
6.81791131065,5.47160865785,9.76504150309
6.86396730545,7.84612115247
7.92081827953,3.524870668,6.22876319791
4.33942818363,5.57992941983,5.82399653216,2.69513802024
1.12894776884,2.37775407792,5.68399139819
2.66220936541,2.90757106663
9.57678214895,2.28795642845,2.45751520534,9.82412659785
3.75988756468,3.71750307444,9.86929804869,9.82255490985
2.58002296228,9.05023310633,4.84027781237
9.84050404831,5.48853644389,4.12526444985
9.92784194692,2.83612333867,2.6369940006
2.45641215965,8.78185287118
3.50424925648,5.345251233
7.52155446587,5.64592722095
8.13503861057,1.55623200446,7.01185001476
4.02634086072,5.66054197719
3.20521879541,2.58379788111,3.23362973667
8.10114083711,9.59863551925
2.47633522397,1.34366954564,2.87237674074
6.93364026421,7.9785336891
4.71512582194,8.75435191778,3.20049948304
3.97656480546,9.97225648206,2.8735630266,6.03464362058
4.89312548765,4.65617235393,5.03928785922,1.91760529865
1.4851094403,2.0210870663,9.14346996422
6.9598647479,1.23198568933,2.33145614601
9.08137250306,2.52610990529
5.14458839821,6.17975527858,8.4560450784,6.99793598406
2.51598729068,2.55633796536
7.30175479523,6.78368170307,2.64367542767,5.97839521549
5.70191936206,5.35622750872,7.67323702738,8.20642195115
5.02426521032,4.88829675834
3.69941595157,8.30916681281,5.65916403331,1.01886617461
3.3798993258,4.29613875883,3.72716415106
5.41891234138,7.35335607704,8.35406211488,4.26794198293
3.1942123226,7.71832917527,3.39631982794,5.09865224435
6.80161402686,5.15039492436
7.43052882275,4.33865855575,9.78511125614
2.43545465859,6.72433110002
5.10139348758,4.95227533428
7.97205212249,5.73970605522,1.43280983072,2.61342995733
4.85224810725,7.86600245431
8.98916977238,4.10921015712,5.77512474936
3.6566373962,6.09447671971,7.86483663716,5.95641842496
7.20284592323,6.63659892906,1.32905499812,7.05075941019
2.17664286278,6.61704817742,8.4560613551,5.71534945114
7.57964801837,7.96906459901
3.25039351075,8.99708782539
3.97286637596,8.16775430049,5.3001878391
4.41514588579,5.80557188279,5.80460454465,8.55781370541
6.77099439742,4.67514595168,1.24971777041,8.57676282021
3.89117644367,6.61110674009,6.97287647716,4.20259374309
8.77045120216,3.43133050053
6.20432303635,4.4212361916,1.78764640769
4.36961464315,5.68906424727,4.54730612646,5.7647900954
5.94587580564,4.58046841137
1.06277168066,8.70088431096,8.79430587435
8.93280629015,1.48843290627,6.41697313037,4.35619220541
7.36221827062,2.44541910856,1.63618237697
1.95884004314,1.60359745742
9.12969022056,9.67330638688,6.78185782872
3.76128559607,3.22206378383,9.67790889813
6.57422819886,5.46597102266,8.71770772397
1.43427248991,6.99714502907
9.09108609424,9.97040612381,3.85891102556,4.7376273421
1.03823685411,9.70348074752,2.42075473964,3.62343573127
2.88477999252,8.13436120191,7.18162550283,9.14082982601
4.34277398325,3.47572298069,4.40738557908
8.19294968197,3.16766181947,3.64596954326
6.56100203567,7.5828018665
1.08437335754,7.65760491975,4.28484196664,1.15359321147
6.51994313094,5.92257041823,3.38991293298
1.74940735723,5.39770645451
5.47818796161,5.10977189374
8.68023472285,7.6907230536,6.09961738893
3.48995465432,8.97763911662,7.50496579581
4.60731477151,5.8675440139
2.2677100433,1.38571307055
3.17958540999,6.12057448968,6.55394925716
2.26364166057,1.85466617659,2.96483120341
7.45882731235,5.02626257477,6.10721791113
6.73154291325,1.98272933863,8.77613618658,7.24559500971
1.6150886521,7.75363845848,5.93298083838
2.2461230292,3.9477089447,4.20575433855
3.96419389435,2.81613813241,9.80109427719,6.99439424303
4.74584366701,6.63955065729,3.82981588757
7.25976150216,8.76381092213
9.18543655748,3.61453639466
9.19032081093,1.92242801643,7.85849887966
3.07232375467,8.27344655877,8.65143849685,7.62848393739
2.61280992414,7.89787726373
9.26745208874,4.00755309246,4.60404985617,8.42014456963
4.81755625729,4.87591866606
2.60395358205,2.55935520655,2.74632151538,4.6350066601
2.57851491461,3.87464085924
9.92226422741,3.73170764187
2.49699612196,5.25525186537,9.32750782206
2.49912025332,6.74925151369
7.90011851226,1.15888135735
4.83380935862,7.03191389738,3.37114481063,9.58449697548
7.97840698133,1.27507521274,8.6099849012
5.9569280911,6.95256752341
7.45817052277,4.55122952917,6.85489300049
9.59007547137,3.56251907291,5.92341383795
9.73252492673,2.89319731798,3.32032410997,2.19524439661
7.84811206076,3.76975067481
2.35813016758,9.62904831081,2.36954340731
2.63092103722,9.78587725576,6.73995921414
1.66990568787,6.62234720092
8.58738796039,1.63973118187
3.89375330173,4.41961928585,4.44600431974
4.92759434422,2.43532904811,7.50162163886,7.25196144266
5.83649258731,9.76420630708
4.85792661243,1.22588240627,4.12422851901
9.46916093105,6.53751737011,1.46577319847
5.13980389001,7.83279778475
2.3464197465,1.80890083549
4.96012474678,7.05165856967
9.51513582824,5.27266417761,2.63673285593,5.61476274624
9.143953612,1.28758471176,8.62397632267
2.07351793821,4.41297269153,3.92975778575
2.19729324072,7.6597065736,9.19393375638
8.49654466104,1.32605877028,4.62298175545,7.57536687842
8.90794164333,4.84107455999,2.66504861454,9.05017153062
5.71817766965,4.65267492675,4.06871586483
9.06451990985,6.6754816841,3.75876609621
9.43993993783,9.740052335,7.0066279091
2.13039813848,9.91776371267,2.72914158621,1.71510658776
1.18487324426,8.080890097
7.05053585884,6.03654733303
7.59357499443,9.31034608921
7.70456413539,7.36417864685,2.90483415966
9.28476031059,7.33188908287,5.2366305415
7.4330819481,8.93272789854,6.10902095154
9.17444199429,2.27760901991,4.93628590035
4.50203955034,6.63492349633,2.57658938172,2.25866396098
5.20140373562,2.78367528818
7.13293797432,9.93203481102
8.89114957073,5.77859519545,5.33389486185,2.48635775928
7.54250776126,6.74492288247
7.11711020379,3.8636982244,6.77638157724,1.08922498739
3.88905710028,3.04757069993,5.71442946355
7.66170081171,8.37492468939,3.61676098318,8.95069889914
4.1577481893,7.94440591054,5.66144480278
5.30719149132,7.57585800169,6.73423185025,4.70471514345
6.27254327389,5.15686336097,4.16583630126
3.62890512782,1.07325491729
9.87863445602,4.95680630406
1.50892504421,1.42682073842,6.39700602055
3.79921966567,9.22145360596
3.34860885952,5.7398082165,3.20868434349
8.86266540104,5.67226523498,3.72578595273,7.83551676277
5.40885650278,1.51748106537,7.39334067046,1.47789479451
4.36470573783,2.7278665922,2.27656012399,2.46213856082
6.19223160076,1.47043147327,3.68803316985
6.11033301338,9.8189204412
6.02667038546,8.60364757757,1.00801856555,8.00624025842
6.26022046865,3.08409418627,5.68883197542
7.03621791016,6.44983125354,6.05567121166,9.57634545217
2.04099545604,3.02463334908,7.30152894688,9.57486937097
9.21684821786,6.30419402313
8.303015281,3.80613174686,7.12571212986
3.04377718328,5.50467694548
2.19868514553,9.72691340433,6.58185972243,3.48793141265
3.68048266351,5.70867116179,5.31391147892,7.03137742331
6.65200050011,5.77689270399
2.98245220564,8.38558515407,5.58176452776
3.97228080102,6.96309270649,3.76734172729
3.45649979066,3.51061745005,6.65900352583,4.89268506808
1.152732283,8.63335152188,6.61741533231
1.6938379348,9.27579556034,4.58605971392,2.27685551559
6.22354631264,5.55491966538,4.71468640384,1.14104285234
2.77459527554,1.88522208143,4.67569860643
2.39337295615,5.89208638706,4.05811957279
7.15273093754,6.43239329419,4.48145922722
8.0008164565,6.98690021007
5.27865445569,7.8082536914,5.84427308688,8.27194485121
5.04201722232,4.85684301105,9.07091698449,2.06491163409
8.27716571053,8.63377870056,1.09093203037
9.88082385565,4.74776442155,1.75015789227,7.68004723994
2.63768005761,5.92272382836,4.56657480011
8.61856426651,9.37117619107,4.02289239733
3.54135360945,5.78955056468
1.36895683897,3.46510288056
5.86801590555,8.76067243272
6.99117247032,9.81726091212
4.17735295348,3.90280142031
5.96563293927,1.65177274872
6.63574322929,1.81407885149,6.37944113637
8.68685192744,9.35723516001,5.58597075714
5.99208076008,2.21958110452,8.37904169585,6.79241532202
6.59634387648,6.8664246161
4.41286204229,3.65316678033,9.24469457137,2.30099230693
5.59971476543,3.24143450668,6.73662788346,1.78520552339
9.99175367513,8.54613695806
4.21478047637,7.54282199728,3.59362108471,2.34698588947
3.93183734821,3.38544060327,1.68889057218,6.91004394246
8.40816584068,9.29788584575
8.05283516927,7.12407981088
3.81073342568,3.91606730535,6.50098304293
4.72437480732,9.93696370171
1.69865909242,8.75703711707
1.86459640264,5.32416235455
6.59118779011,1.66674625318,1.62943501128,5.28013021247
9.53130272014,5.69486805051,9.97131124525
1.35377226182,4.94019393725,6.16346385283
7.55196379736,6.08840828013
9.88588783121,6.72953032995
3.3645306463,1.44261491002,1.41669821996,1.2075689717
6.48650563016,8.30565201747
4.18254469214,9.75701794095,5.872120104
4.33098284289,7.39939958382
3.20149323883,7.99651395779
1.28005121038,4.87762926374,8.22402614835,8.3724766094
9.15355043946,4.65196239661
5.61155890989,1.19261925542
4.46878273266,7.06244854941,6.08674933593
3.24516925382,3.29620557196
6.7439055075,1.33904816144,6.58312691748,2.24106979491
8.60067349504,9.24495205269,4.8928632373,8.74149625429
7.52335111915,4.53612272433
8.55964612348,7.38335869649,6.8992425162
1.48648066737,3.38892560497,8.17186940218
5.51667754052,8.01838901313,8.81285378602,4.74780424552
4.4154871963,3.05496540645,2.53142478315
6.75652733066,2.04121546801,4.62972241944
2.69736958385,7.17932171407
5.45248280978,1.45693025755,6.45279016099,4.21000528272
6.36704259662,3.8708933586,8.9819372037
3.80344397694,5.38812678768
4.0137785222,6.82567061408
4.29943346182,8.32915156006,2.80687110944,5.58019102594
6.15475472488,7.01025921793,8.40227141503,9.32151100602
5.91713482166,5.03235629474,6.37896956019
3.99274039582,9.88402564068,6.88306373859
7.50630180601,3.79444176527,4.36313952438,2.67243075942
4.15678024621,7.50784533413,4.89065884167,9.42432593119
3.37462698719,4.30647688282,3.33812754573,2.043206212
7.48606009903,7.42423730307,9.80422062932,1.50973317782
3.71297103436,1.03829274268,2.53728398893
2.7146271054,5.62772631726,5.9815019876
6.34716389219,5.66750704104,7.12451506633
6.39416783109,5.32831997598,3.45288071958
9.10414555801,3.43999355216,5.80973890813,2.01578910043
9.63122769137,3.04626726641,1.78103327609
5.45236730104,6.84906738567
1.10749152103,6.54954029728,8.58475442963,6.64546745009
1.79933574798,8.58065336767
6.32602354482,5.31425091367,2.74083299311
7.93078536251,7.13965233427,9.11654509022,6.16705957838
7.9543517696,9.11234433439
8.09795361408,7.20662013259,4.83707599682
3.3111514378,4.5428739716
2.12623809098,4.74317864206
8.50402938408,2.91374803255,8.53568361991,6.48287570719
1.2255849346,4.09562452197,1.28912377522,1.78907445692
5.17159045888,6.06930254441
5.0413466168,6.71069685044,7.80663553986
6.05886718523,5.81537663132
1.98331734104,5.29732282456
5.33496467683,5.41987755263,1.63476756958
1.14861864815,6.6568292669,6.97624463544
4.07794464884,5.23023174672
4.30081347654,2.96370170608,4.0649362226,3.91560518526
5.65299699038,2.50838651959
6.00981621886,3.42776268263
3.79434281963,5.27321440983
9.10637533256,6.16200872986,6.12520041364
5.09221384181,2.59422140947,6.36029678826,8.42161613759
5.29860225355,9.68756050555,7.87806141161
1.18025491107,6.59598683427,7.32655810496
2.35826741285,2.10942449118
7.29571049945,4.37815189793
2.20684450303,9.4957438841,6.0361440212
7.80802615728,8.57790253381
1.72050625732,8.2170068065,1.25114043489,3.92206993245
3.32167484198,9.25622897695
5.73222960776,7.69265482497,7.68198403662
8.70561646161,2.61391289993,1.43811569114
9.86309584227,4.22489786436
1.7145263456,9.75586025991,9.50290920042,3.17850142431
9.37539029695,1.40912654121,4.20717121555
7.12673584034,2.90185132622,4.24002616223,3.70246756633
2.29091460932,4.25605484059,3.39139598166
6.5373470744,2.27312000769
6.1930100438,3.07520250273,3.88126300074,4.53070563304
8.7472052205,9.86303459183,3.90878620928,9.43364268301
1.34274831016,2.27795037668
4.14477857459,6.47042040969,9.92502820776,2.56325593095
7.3610243243,2.53255776979
1.59930212306,5.58785430953
1.89251147297,4.14737184986,2.04994173707
7.13954679172,6.56177974866
5.65036069341,2.65072655227
9.5598241114,7.33531941297,7.93266271531,1.42725401533
5.31783261059,1.61807033774,1.80715509289,4.95151767348
2.51278546757,7.51511949379,5.35449609519,8.36447635329
2.38365449037,3.50596917083,7.14863151852
5.13421926002,4.92937826105
9.64161490358,7.98190062446,8.97691453965,1.90845670304
6.31426837092,9.63145666014
5.32921525818,1.68438057416,1.24036251868,6.67056408579
4.56471474982,8.33908464678,7.21713191733,6.76468464081
3.68233956915,8.17304607387,7.07610465438,5.93238418972
7.67312987028,7.28547489599,1.95119256501,9.53717236048
9.80940742974,4.56117157223
7.64725264294,3.34018327314,6.43019618446,4.00230053635
7.83047239408,3.18520389099,5.33703008463
1.63123554426,1.4015072032,8.30539891835
3.22743740251,5.30001829543,2.61337795759,5.00791010371
1.5825535299,6.84185524797,4.43397404634
6.40454614885,4.66791038519
2.60348641708,3.79025110568,8.62391593699
6.38414382561,6.98938656476
4.38783186877,6.35555717363
8.38000935406,2.42882559594,4.23359407391
1.42874429132,1.96598711782,7.6614439139,8.44042275831
6.43795030988,8.28393274547
6.70782790956,8.66356912349
9.65260991404,7.52579335103
7.39996910385,8.70410147196
2.34357300167,9.07619898888,8.81992714585
6.58282431908,3.84769126119,5.76565020655,9.91529651607
6.04367739713,9.86344812712,6.34081982726
2.0480847176,8.54896964744,8.1057472119,1.22397636107
1.07250257053,7.52530185137,4.56484288387,4.15535575091
3.15592604901,4.18923456843
5.6003380091,6.77673535868
4.05997787553,1.12734342582,3.9237470865
8.35703286045,8.53922104776
7.01129277689,8.62882315347,4.37854607436,1.01350881476
1.06225245809,7.97802782267,2.23628913513
6.03015384739,8.82484858799
3.9780372384,3.20746872772
5.24145773689,9.08553305562
6.7866086851,4.45380283413
7.30958121008,2.91703715886,1.01883131935,5.55389449569
3.83776473655,5.37117067948,5.39738300799
6.23503881005,4.3835318412,7.33839168773
4.76261368265,6.14894540163
6.79333753912,7.01910540751
8.06005783626,4.03765540924
2.11581872587,4.61393362865,4.82853362282,5.75374882509
8.84897979488,5.70710842723,6.71381568145,3.07563973501
7.78578492452,1.12453928104,7.0676929051
3.22271580724,8.30346022517
9.97387196479,9.28804913495,8.21097532154
9.34077441878,6.92891280727,2.74929749861,4.92671386215
3.24177048821,4.39033393609
7.25954039904,1.37857416426,3.54215188792
3.6440113664,9.73806717734,3.40510601355,9.24004321098
4.60425242309,5.29301660019
3.39546724698,9.09998637511,6.18178115788,2.85312227822
2.96268583497,2.4773815398
5.79868740351,6.4665971292
4.11495049922,2.41247418379
2.36893932048,5.49967204146
2.82608062992,8.79002192188,7.28231300587
2.98116255179,1.09067348128
6.88709360394,8.14078004998,7.62510177604,2.82613895478
8.90796683027,4.97774625845,2.44346880739,1.01714832047
1.62844230989,6.15445777351,5.14829119094,3.04279911191
5.20168854182,4.7367831976,6.03667874517
6.40930274583,1.89196724843,9.06768092147,1.66423417833
1.8787751815,2.66319057804,3.29980147783,9.49244221552
8.66825772146,6.2002126714,1.13465573496,8.55357323223
4.8086103776,1.69302708225,8.92386829794,3.55939556539
7.84446555496,3.82371701861,6.25611239732
4.8186475212,9.37200221718,5.21889953446,1.07273604081
6.32947536468,7.19543201374
9.21837761069,6.08679415614,5.30986738651,7.29461029479
9.35420218827,3.93560763824,4.2729592103,6.49736738646
8.69257609444,2.70654915743,8.04335571763
7.43119256405,2.92148358228
7.06346973494,1.28863113808,7.81133274759,1.89305662356
2.14579352602,4.19939954857
9.96217599081,7.84667413945
1.98850228821,1.30663432255
4.55407362254,9.7365016641,7.49491760721
9.74508397691,4.99551282146
7.83973097277,7.42739746171,4.55899654858
1.48566294193,2.74402017577,5.43455103688
3.50973440946,4.93676291241,3.37707482089,7.30727116606
6.26720542103,3.78827635603,2.46159800348
5.29783814975,5.93878956964
6.22784123416,6.06588878366,1.68547028008
8.44670704894,6.42749171955
5.17752904584,4.08255279456,7.17919466017
3.3155137952,5.72287678165,7.23663687329
2.72673358141,1.75844559239
3.59585669101,7.74648623161
5.33163340915,2.26771447415
